Day,Susceptible,Infected,Recovered,Dead,Hospitalized,Daily Infected,Daily Dead
0,99992.83333333333,7.166666666666667,0.0,0.0,0.0,2.1666666666666665,0.0
1,99988.91666666667,11.083333333333334,0.0,0.0,0.5,3.9166666666666665,0.0
2,99981.16666666667,18.833333333333332,0.0,0.0,2.0833333333333335,7.75,0.0
3,99966.83333333333,33.166666666666664,0.0,0.0,4.166666666666667,14.333333333333334,0.0
4,99944.25,55.75,0.0,0.0,8.0,22.583333333333332,0.0
5,99899.25,100.75,0.0,0.0,14.0,45.0,0.0
6,99814.08333333333,185.91666666666666,0.0,0.0,25.25,85.16666666666667,0.0
7,99650.91666666667,349.0833333333333,0.0,0.0,47.25,163.16666666666666,0.0
8,99351.41666666667,648.5833333333334,0.0,0.0,87.0,299.5,0.0
9,98868.16666666667,1131.8333333333333,0.0,0.0,152.66666666666666,483.25,0.0
10,98126.08333333333,1873.9166666666667,0.0,0.0,257.5,742.0833333333334,0.0
11,97065.41666666667,2934.5833333333335,0.0,0.0,405.3333333333333,1060.6666666666667,0.0
12,95587.0,4413.0,0.0,0.0,610.5,1478.4166666666667,0.0
13,93748.5,6245.25,6.25,0.0,863.9166666666666,1839.4166666666667,0.0
14,91422.33333333333,8568.083333333334,9.583333333333334,0.0,1187.5,2326.8333333333335,0.0
15,88715.16666666667,11268.916666666666,15.916666666666666,0.0,1556.0833333333333,2708.6666666666665,0.0
16,85577.33333333333,14394.166666666666,28.25,0.25,1987.4166666666667,3139.8333333333335,0.25
17,82589.33333333333,17363.166666666668,46.75,0.75,2398.5833333333335,2992.0,0.5
18,79704.83333333333,20210.583333333332,83.25,1.3333333333333333,2797.5,2893.25,0.5833333333333334
19,76716.66666666667,23126.166666666668,154.66666666666666,2.5,3198.5833333333335,3003.0,1.1666666666666667
20,73725.25,25982.75,286.4166666666667,5.583333333333333,3604.0833333333335,3024.0,3.0833333333333335
21,70702.58333333333,28755.0,531.9166666666666,10.5,3993.5833333333335,3080.0,4.916666666666667
22,67643.25,31402.833333333332,934.5,19.416666666666668,4369.666666666667,3150.5833333333335,8.916666666666666
23,64656.75,33757.666666666664,1551.6666666666667,33.916666666666664,4691.75,3123.4166666666665,14.5
24,61795.0,35715.166666666664,2435.3333333333335,54.5,4958.166666666667,3067.6666666666665,20.583333333333332
25,58988.416666666664,37251.666666666664,3678.1666666666665,81.75,5173.0,3086.5,27.25
26,56276.083333333336,38372.916666666664,5233.666666666667,117.33333333333333,5330.75,3060.5,35.583333333333336
27,53829.083333333336,38799.333333333336,7205.25,166.33333333333334,5379.166666666667,2900.25,49.0
28,51576.333333333336,38681.333333333336,9519.5,222.83333333333334,5369.083333333333,2781.25,56.5
29,49477.833333333336,38020.0,12217.0,285.1666666666667,5274.75,2714.25,62.333333333333336
30,47490.583333333336,37322.083333333336,14840.916666666666,346.4166666666667,5179.75,2576.25,61.25
31,45619.5,36575.916666666664,17397.666666666668,406.9166666666667,5075.0,2455.9166666666665,60.5
32,43910.583333333336,35563.25,20059.666666666668,466.5,4939.416666666667,2314.75,59.583333333333336
33,42338.916666666664,34373.75,22758.666666666668,528.6666666666666,4765.25,2181.25,62.166666666666664
34,40937.416666666664,32978.166666666664,25491.25,593.1666666666666,4569.166666666667,2035.75,64.5
35,39661.083333333336,31400.583333333332,28278.666666666668,659.6666666666666,4334.833333333333,1917.25,66.5
36,38481.416666666664,29745.166666666668,31051.166666666668,722.25,4108.0,1811.5,62.583333333333336
37,37446.333333333336,28007.75,33763.75,782.1666666666666,3878.0833333333335,1647.6666666666667,59.916666666666664
38,36541.5,26159.583333333332,36457.25,841.6666666666666,3619.0833333333335,1515.9166666666667,59.5
39,35742.0,24256.916666666668,39098.25,902.8333333333334,3356.8333333333335,1402.0833333333333,61.166666666666664
40,35036.166666666664,22442.666666666668,41560.583333333336,960.5833333333334,3116.4166666666665,1262.3333333333333,57.75
41,34396.416666666664,20708.666666666668,43881.583333333336,1013.3333333333334,2877.4166666666665,1159.25,52.75
42,33840.333333333336,19009.083333333332,46087.666666666664,1062.9166666666667,2649.0833333333335,1058.4166666666667,49.583333333333336
43,33372.333333333336,17380.416666666668,48138.666666666664,1108.5833333333333,2422.3333333333335,938.9166666666666,45.666666666666664
44,32944.333333333336,15842.166666666666,50057.5,1156.0,2208.4166666666665,852.5,47.416666666666664
45,32611.0,14371.833333333334,51821.666666666664,1195.5,2002.5833333333333,738.75,39.5
46,32313.166666666668,13000.833333333334,53454.083333333336,1231.9166666666667,1813.3333333333333,673.3333333333334,36.416666666666664
47,32061.333333333332,11737.0,54935.166666666664,1266.5,1637.9166666666667,593.75,34.583333333333336
48,31839.666666666668,10549.583333333334,56312.0,1298.75,1480.9166666666667,532.0833333333334,32.25
49,31667.916666666668,9426.5,57579.333333333336,1326.25,1323.0833333333333,465.4166666666667,27.5
50,31520.5,8414.0,58713.083333333336,1352.4166666666667,1175.3333333333333,409.4166666666667,26.166666666666668
51,31385.666666666668,7490.083333333333,59749.083333333336,1375.1666666666667,1047.75,370.9166666666667,22.75
52,31279.166666666668,6637.833333333333,60685.916666666664,1397.0833333333333,928.5,321.5,21.916666666666668
53,31187.583333333332,5882.0,61515.166666666664,1415.25,820.0833333333334,286.25,18.166666666666668
54,31120.166666666668,5179.5,62268.333333333336,1432.0,721.1666666666666,244.41666666666666,16.75
55,31066.583333333332,4535.0,62951.166666666664,1447.25,630.0,213.91666666666666,15.25
56,31018.5,3985.5,63535.5,1460.5,551.0833333333334,186.66666666666666,13.25
57,30974.916666666668,3481.4166666666665,64070.083333333336,1473.5833333333333,480.4166666666667,163.33333333333334,13.083333333333334
58,30941.583333333332,3048.0,64526.416666666664,1484.0,422.5,136.66666666666666,10.416666666666666
59,30916.083333333332,2659.9166666666665,64931.0,1493.0,368.25,120.08333333333333,9.0
